DOM_0010,DOM_0025,DOM_0050,DOM_0100,DOM_1000,second
6078936,6078936,6078936,5737167,5396577,0
5600194,5600194,5600194,5166778,4821206,300
4056727,4056727,4056727,3626056,3277171,600
4266731,4266731,4266731,3851915,3492109,900
4233276,4233276,4233276,3821527,3495332,1200
4659590,4659590,4659590,4250282,3958509,1500
6739494,6739494,6739494,6317068,5970433,1800
6000354,6000354,6000354,5629331,5296134,2100
3624492,3624492,3624492,3412109,3153873,2400
5190187,5190187,5190187,4970713,4739551,2700
3365512,3365512,3365512,2994276,2700162,3000
3748012,3748012,3748012,3326240,3093705,3300
3837852,3837852,3837852,3464559,3149300,3600
4018162,4018162,4018162,3638946,3280996,3900
4639279,4639279,4639279,4258449,3985777,4200
4288417,4288417,4288417,3918536,3634338,4500
4022595,4022595,4022595,3635357,3302993,4800
4058158,4058158,4058158,3673026,3349533,5100
4118880,4118880,4118880,3742181,3446056,5400
4058981,4058981,4058981,3655612,3323361,5700
4065680,4065680,4065680,3669543,3342097,6000
4110474,4110474,4110474,3746635,3432720,6300
4094231,4094231,4094231,3741150,3422103,6600
3937420,3937420,3937420,3572451,3261971,6900
4089148,4089148,4089148,3718003,3428428,7200
3988546,3988546,3988546,3540918,3326573,7500
3968832,3968832,3968832,3528621,3244123,7800
4021957,4021957,4021957,3603543,3317410,8100
4003946,4003946,4003946,3638359,3368947,8400
4119772,4119772,4119772,3695844,3491909,8700
4444172,4444172,4444172,4035026,3818991,9000
4411801,4411801,4411801,3943374,3641733,9300
4347432,4347432,4347432,3892579,3613559,9600
4204587,4204587,4204587,3753886,3531530,9900
4223589,4223589,4223589,3777611,3549175,10200
4183174,4183174,4183174,3738220,3459423,10500
4198343,4198343,4198343,3764041,3550507,10800
4322851,4322851,4322851,3882153,3628681,11100
4182658,4182658,4182658,3741138,3421100,11400
4343838,4343838,4343838,3911236,3525172,11700
4302239,4302239,4302239,3910742,3547239,12000
4427490,4427490,4427490,4032380,3648782,12300
4728800,4728800,4728800,4330678,3876416,12600
5094297,5094297,5094297,4712004,4301544,12900
4984763,4984763,4984763,4586937,4135805,13200
4800623,4800623,4800623,4368651,3933444,13500
4083495,4083495,4083495,3505448,3190591,13800
3830770,3830770,3830770,3219281,2864191,14100
3751446,3751446,3751446,3185416,2883576,14400
3354247,3354247,3354247,2899687,2599087,14700
3578610,3578610,3578610,2988126,2589841,15000
3781054,3781054,3781054,3191060,2841888,15300
4283104,4283104,4283104,3692888,3343896,15600
4266826,4266826,4266826,3676837,3331568,15900
4284802,4284802,4284802,3693240,3358652,16200
4047241,4047241,4047241,3470188,3117573,16500
4133955,4133955,4133955,3565997,3202457,16800
4451544,4451544,4451544,3873831,3521134,17100
4256858,4256858,4256858,3689431,3314817,17400
4365675,4365675,4365675,3781389,3369975,17700
4426284,4426284,4426284,3823228,3406427,18000
4320047,4320047,4320047,3655632,3282858,18300
4420894,4420894,4420894,3790399,3441731,18600
4639062,4639062,4639062,4155706,3687535,18900
5256621,5256621,5256621,4895812,4301249,19200
4236151,4236151,4236151,3837863,3328730,19500
4108205,4108205,4108205,3548994,3144914,19800
3877139,3877139,3877139,3335470,2999195,20100
3844634,3844634,3844634,3302907,2956507,20400
3875520,3875520,3875520,3331351,2936041,20700
3856734,3856734,3856734,3300699,2895393,21000
3674021,3674021,3674021,3111955,2695614,21300
4130202,4130202,4130202,3630839,3175021,21600
4008007,4008007,4008007,3723529,3141364,21900
4469203,4469203,4469203,4016120,3559181,22200
4433860,4433860,4433860,4036553,3607111,22500
4390188,4390188,4390188,4006228,3602928,22800
4319548,4319548,4319548,3925671,3531470,23100
4354332,4354332,4354332,3963008,3567734,23400
4108014,4108014,4108014,3726608,3344820,23700
3708436,3708436,3708436,3366342,3019350,24000
4088130,4088130,4088130,3693536,3283481,24300
4296219,4296219,4296219,3910220,3501091,24600
4442645,4442645,4442645,4051061,3643143,24900
4368768,4368768,4368768,3963729,3571549,25200
4214224,4214224,4214224,3799668,3399294,25500
4274773,4274773,4274773,3870291,3465671,25800
4297749,4297749,4297749,3885067,3495095,26100
4274248,4274248,4274248,3865495,3461764,26400
4072454,4072454,4072454,3670941,3213430,26700
4287345,4287345,4287345,3874937,3426689,27000
4371244,4371244,4371244,3965390,3565570,27300
4357668,4357668,4357668,3960456,3563219,27600
4634741,4634741,4634741,4205856,3816903,27900
4694595,4694595,4694595,4279030,3888502,28200
4309552,4309552,4309552,3877978,3495240,28500
4303279,4303279,4303279,3768120,3433676,28800
3942645,3942645,3942645,3403573,3065679,29100
4374612,4374612,4374612,3836712,3548161,29400
4329070,4329070,4329070,3803772,3497491,29700
4261915,4261915,4261915,3824507,3435222,30000
4306996,4306996,4306996,3974290,3573067,30300
4166061,4166061,4166061,3709019,3415366,30600
4033904,4033904,4033904,3581770,3237561,30900
4024910,4024910,4024910,3703362,3346916,31200
3871238,3871238,3871238,3571656,3210986,31500
3917404,3917404,3917404,3608491,3240587,31800
3782950,3782950,3782950,3461747,3052675,32100
3913619,3913619,3913619,3588297,3215292,32400
3828731,3828731,3828731,3486747,3072699,32700
3990368,3990368,3990368,3651082,3234960,33000
4112927,4112927,4112927,3771178,3379590,33300
4298577,4298577,4298577,3968438,3658973,33600
4160441,4160441,4160441,3842878,3512769,33900
4060877,4060877,4060877,3806628,3362895,34200
3884560,3884560,3884560,3608968,3160077,34500
4196213,4196213,4196213,3861317,3408035,34800
3667335,3667335,3667335,3318653,2930956,35100
3739547,3739547,3739547,3302175,2888362,35400
4109614,4109614,4109614,3784664,3335142,35700
3869012,3869012,3869012,3534978,3084472,36000
3766437,3766437,3766437,3437150,3031572,36300
3854028,3854028,3854028,3523563,3094520,36600
3683113,3683113,3683113,3359082,3089977,36900
3552504,3552504,3552504,3240715,2966229,37200
3316787,3316787,3316787,2986149,2682511,37500
3589793,3589793,3589793,3281421,2992178,37800
3798827,3798827,3798827,3501754,3322992,38100
3800049,3800049,3800049,3475977,3258871,38400
3799377,3799377,3799377,3466134,3296418,38700
3934488,3934488,3934488,3599841,3418385,39000
4265395,4265395,4265395,3938165,3712426,39300
4156674,4156674,4156674,3812388,3599480,39600
3897300,3897300,3897300,3558719,3382200,39900
3857847,3857847,3857847,3509417,3285767,40200
3627965,3627965,3627965,3280038,3048015,40500
3530065,3530065,3530065,3190836,3004666,40800
3409746,3409746,3409746,3079587,2899451,41100
3475775,3475775,3475775,3134924,2938174,41400
3411094,3411094,3411094,3081816,2772618,41700
3517289,3517289,3517289,3193128,2962118,42000
3108493,3108493,3108493,2785274,2605422,42300
3433702,3433702,3433702,3116744,2929563,42600
3710495,3710495,3710495,3380564,3144405,42900
3685911,3685911,3685911,3348284,3164600,43200
3610130,3610130,3610130,3240371,3018954,43500
3611056,3611056,3611056,3271727,3058804,43800
3405821,3405821,3405821,3067397,2835474,44100
3140502,3140502,3140502,2821691,2645544,44400
3387184,3387184,3387184,3064787,2878939,44700
3331218,3331218,3331218,3012395,2776437,45000
3372500,3372500,3372500,3043381,2847183,45300
3288124,3288124,3288124,2941712,2711365,45600
3163842,3163842,3163842,2816233,2652451,45900
3338868,3338868,3338868,2997765,2816479,46200
3413315,3413315,3413315,3083908,2838036,46500
3434273,3434273,3434273,3094300,2859219,46800
3644965,3644965,3644965,3311641,3106769,47100
4633045,4633045,4633045,4292593,4056527,47400
4210051,4210051,4210051,3885862,3676958,47700
4018035,4018035,4018035,3748334,3486087,48000
3741894,3741894,3741894,3406975,3254922,48300
3944177,3944177,3944177,3623544,3445553,48600
3764789,3764789,3764789,3512711,3223221,48900
3666076,3666076,3666076,3414702,3134087,49200
3429063,3429063,3429063,3183218,2941881,49500
3311149,3311149,3311149,3042888,2769832,49800
3482353,3482353,3482353,3150396,2958279,50100
3760269,3760269,3760269,3432583,3251792,50400
3166665,3166665,3166665,2826649,2650463,50700
3311481,3311481,3311481,2962977,2739266,51000
3900886,3900886,3900886,3557482,3330150,51300
3390130,3390130,3390130,3060616,2816888,51600
3836847,3836847,3836847,3518596,3258377,51900
3562611,3562611,3562611,3297876,3009156,52200
3281317,3281317,3281317,3019900,2730389,52500
3293234,3293234,3293234,3078373,2770924,52800
3212411,3212411,3212411,2973199,2614289,53100
3062323,3062323,3062323,2830740,2457415,53400
3584317,3584317,3584317,3341062,2967898,53700
4020317,4020317,4020317,3293865,2921213,54000
5751271,5751271,5751271,3035614,2670666,54300
5623177,5623177,5623177,2884924,2543868,54600
5517913,5517913,5517913,2753055,2481071,54900
5838827,5838827,5838827,2955504,2686684,55200
6116834,6116834,6116834,3255330,2973464,55500
6371281,6371281,6371281,3550170,3264347,55800
6305815,6305815,6305815,3484322,3147012,56100
6373006,6373006,6373006,3543985,3194468,56400
6502080,6502080,6502080,3676317,3342958,56700
6235328,6235328,6235328,3494925,3237334,57000
6169581,6169581,6169581,3452560,3229214,57300
6075654,6075654,6075654,3343179,3066508,57600
5632062,5632062,5632062,2914455,2667675,57900
5845538,5845538,5845538,3136888,2932893,58200
5669148,5669148,5669148,2958812,2699689,58500
5695362,5695362,5695362,2998236,2760029,58800
5748371,5748371,5748371,3046955,2884135,59100
5682804,5682804,5682804,2967354,2772809,59400
5721613,5721613,5721613,3015261,2848809,59700
5771424,5771424,5771424,3071191,2850814,60000
5621150,5621150,5621150,2921300,2738356,60300
5674131,5674131,5674131,2950741,2728913,60600
5436791,5436791,5436791,2717435,2446347,60900
5810693,5810693,5810693,3089118,2816302,61200
5841477,5841477,5841477,3122515,2847030,61500
5187202,5187202,5187202,2992231,2761580,61800
3134801,3134801,3134801,2929569,2712477,62100
2777645,2777645,2777645,2562355,2319766,62400
3386392,3386392,3386392,2680160,2404140,62700
5383696,5383696,5383696,2714308,2492811,63000
5432021,5432021,5432021,2760808,2543873,63300
4694565,4694565,4694565,2505569,2289393,63600
3284963,3284963,3284963,2513589,2236463,63900
5827053,5827053,5827053,2828091,2349526,64200
6030088,6030088,6030088,2999653,2477847,64500
6110508,6110508,6110508,3120739,2604433,64800
5935027,5935027,5935027,3440112,2975058,65100
3557625,3557625,3557625,3002265,2558726,65400
3539625,3539625,3539625,2862892,2480918,65700
3464785,3464785,3464785,2799931,2415635,66000
3439010,3439010,3439010,2832102,2462377,66300
3479280,3479280,3479280,2996893,2506082,66600
3601053,3601053,3601053,3047825,2630861,66900
3635211,3635211,3635211,3103770,2672804,67200
3899794,3899794,3899794,3432469,2936707,67500
3714252,3714252,3714252,3181741,2770099,67800
3787234,3787234,3787234,3319834,2885263,68100
3749629,3749629,3749629,3196866,2749989,68400
3803391,3803391,3803391,3253228,2905722,68700
3732814,3732814,3732814,3229525,2884930,69000
3620742,3620742,3620742,3236496,2903191,69300
3769810,3769810,3769810,3163861,2829308,69600
3677760,3677760,3677760,3069393,2689081,69900
3472174,3472174,3472174,2906156,2572159,70200
3649632,3649632,3649632,3267171,2925708,70500
3913293,3913293,3913293,3513980,3183671,70800
3830577,3830577,3830577,3267654,2946549,71100
3569983,3569983,3569983,3180374,2884444,71400
3595766,3595766,3595766,3215762,2883427,71700
3523577,3523577,3523577,3155500,2859926,72000
3729060,3729060,3729060,3353560,3000192,72300
4032068,4032068,4032068,3425058,3015714,72600
4028908,4028908,4028908,3409481,3023248,72900
3750264,3750264,3750264,3021202,2724214,73200
3698108,3698108,3698108,2968837,2671815,73500
3659111,3659111,3659111,2940842,2625039,73800
3896464,3896464,3896464,3155989,2819610,74100
3637804,3637804,3637804,2901722,2613311,74400
3762510,3762510,3762510,3025348,2737087,74700
4208217,4208217,4208217,3476753,3190707,75000
3809425,3809425,3809425,3124812,2811769,75300
3387390,3387390,3387390,2803714,2394254,75600
3383486,3383486,3383486,2736757,2384995,75900
3377919,3377919,3377919,2810006,2390954,76200
3408455,3408455,3408455,2829005,2477875,76500
3453404,3453404,3453404,2812737,2525760,76800
3442414,3442414,3442414,2797230,2461775,77100
3517979,3517979,3517979,2868898,2592094,77400
3396380,3396380,3396380,2731481,2456999,77700
3267233,3267233,3267233,2615794,2278037,78000
3169506,3169506,3169506,2519368,2191521,78300
3239641,3239641,3239641,2594155,2296520,78600
3448576,3448576,3448576,2792155,2455993,78900
3605914,3605914,3605914,2963346,2622977,79200
3787275,3787275,3787275,3139637,2805436,79500
3774056,3774056,3774056,3134954,2844153,79800
3727693,3727693,3727693,3086616,2784440,80100
3859063,3859063,3859063,3254264,2808518,80400
3891512,3891512,3891512,3302816,2661626,80700
3879402,3879402,3879402,3295612,2828912,81000
3968021,3968021,3968021,3410151,2707704,81300
4915308,4915308,4915308,4355604,3880244,81600
3881192,3881192,3881192,3327259,2869945,81900
3891494,3891494,3891494,3340796,2929582,82200
3917068,3917068,3917068,3352102,2953742,82500
3923601,3923601,3923601,3330916,2946518,82800
4129587,4129587,4129587,3432170,3067580,83100
4159651,4159651,4159651,3485912,2995308,83400
4003865,4003865,4003865,3320961,3029405,83700
4075141,4075141,4075141,3463896,3161289,84000
4022593,4022593,4022593,3640235,3278413,84300
3980874,3980874,3980874,3443822,3026943,84600
3961972,3961972,3961972,3406979,3015431,84900
3999640,3999640,3999640,3377944,3063802,85200
4045291,4045291,4045291,3487315,3049142,85500
4075910,4075910,4075910,3515285,3044523,85800
4018551,4018551,4018551,3433276,2962610,86100
